 0.00000000e+00  9.64561992e+04  0.00000000e+00  1.04123282e+05 
 1.00000000e-08  9.64561992e+04  1.00000000e-08  1.04123282e+05 
 2.00000000e-08  9.64561992e+04  2.00000000e-08  1.04123282e+05 
 4.00000000e-08  9.64561992e+04  4.00000000e-08  1.04123282e+05 
 8.00000000e-08  9.64561992e+04  8.00000000e-08  1.04123282e+05 
 1.60000000e-07  9.64561992e+04  1.60000000e-07  1.04123282e+05 
 3.20000000e-07  9.64561992e+04  3.20000000e-07  1.04123282e+05 
 6.40000000e-07  9.64561992e+04  6.40000000e-07  1.04123282e+05 
 1.00000000e-06  9.64561992e+04  1.00000000e-06  1.04123282e+05 
 1.00000010e-06  9.64561992e+04  1.00000010e-06  1.04123282e+05 
 1.00000030e-06  9.64561992e+04  1.00000030e-06  1.04123282e+05 
 1.00000070e-06  9.64561992e+04  1.00000070e-06  1.04123282e+05 
 1.00000100e-06  9.64561992e+04  1.00000100e-06  1.04123282e+05 
 1.00000108e-06  9.64561992e+04  1.00000108e-06  1.04123282e+05 
 1.00000124e-06  9.64561992e+04  1.00000124e-06  1.04123282e+05 
 1.00000156e-06  9.64561992e+04  1.00000156e-06  1.04123282e+05 
 1.00000220e-06  9.64561992e+04  1.00000220e-06  1.04123282e+05 
 1.00000348e-06  9.64561992e+04  1.00000348e-06  1.04123282e+05 
 1.00000604e-06  9.64561992e+04  1.00000604e-06  1.04123282e+05 
 1.00001116e-06  9.64561992e+04  1.00001116e-06  1.04123282e+05 
 1.00002140e-06  9.64561992e+04  1.00002140e-06  1.04123282e+05 
 1.00004188e-06  9.64561992e+04  1.00004188e-06  1.04123282e+05 
 1.00008284e-06  9.64561992e+04  1.00008284e-06  1.04123282e+05 
 1.00016476e-06  9.64561992e+04  1.00016476e-06  1.04123282e+05 
 1.00032860e-06  9.64561992e+04  1.00032860e-06  1.04123282e+05 
 1.00065628e-06  9.64561992e+04  1.00065628e-06  1.04123282e+05 
 1.00131164e-06  9.64561992e+04  1.00131164e-06  1.04123282e+05 
 1.00262236e-06  9.64561992e+04  1.00262236e-06  1.04123282e+05 
 1.00524380e-06  9.64561992e+04  1.00524380e-06  1.04123282e+05 
 1.01048668e-06  9.64561992e+04  1.01048668e-06  1.04123282e+05 
 1.01811788e-06  9.64561992e+04  1.01811788e-06  1.04123282e+05 
 1.03338028e-06  9.64561992e+04  1.03338028e-06  1.04123282e+05 
 1.06390508e-06  9.64561992e+04  1.06390508e-06  1.04123282e+05 
 1.12495469e-06  9.64561992e+04  1.12495469e-06  1.04123282e+05 
 1.24705390e-06  9.64561992e+04  1.24705390e-06  1.04123282e+05 
 1.49125232e-06  9.64561992e+04  1.49125232e-06  1.04123282e+05 
 1.93153447e-06  9.64561992e+04  1.93153447e-06  1.04123282e+05 
 2.81209877e-06  9.64561992e+04  2.81209877e-06  1.04123282e+05 
 3.81209877e-06  9.64561992e+04  3.81209877e-06  1.04123282e+05 
 4.81209877e-06  9.64561992e+04  4.81209877e-06  1.04123282e+05 
 5.81209877e-06  9.64561992e+04  5.81209877e-06  1.04123282e+05 
 6.81209877e-06  9.64561992e+04  6.81209877e-06  1.04123282e+05 
 7.81209877e-06  9.64561992e+04  7.81209877e-06  1.04123282e+05 
 8.81209877e-06  9.64561992e+04  8.81209877e-06  1.04123282e+05 
 9.81209877e-06  9.64561992e+04  9.81209877e-06  1.04123282e+05 
 1.08120988e-05  9.64561992e+04  1.08120988e-05  1.04123282e+05 
 1.18120988e-05  9.64561992e+04  1.18120988e-05  1.04123282e+05 
 1.28120988e-05  9.64561992e+04  1.28120988e-05  1.04123282e+05 
 1.38120988e-05  9.64561992e+04  1.38120988e-05  1.04123282e+05 
 1.48120988e-05  9.64561992e+04  1.48120988e-05  1.04123282e+05 
 1.58120988e-05  9.64561992e+04  1.58120988e-05  1.04123282e+05 
 1.68120988e-05  9.64561992e+04  1.68120988e-05  1.04123282e+05 
 1.78120988e-05  9.64561992e+04  1.78120988e-05  1.04123282e+05 
 1.88120988e-05  9.64561992e+04  1.88120988e-05  1.04123282e+05 
 1.98120988e-05  9.64561992e+04  1.98120988e-05  1.04123282e+05 
 2.08120988e-05  9.64561992e+04  2.08120988e-05  1.04123282e+05 
 2.18120988e-05  9.64561992e+04  2.18120988e-05  1.04123282e+05 
 2.28120988e-05  9.64561992e+04  2.28120988e-05  1.04123282e+05 
 2.38120988e-05  9.64561992e+04  2.38120988e-05  1.04123282e+05 
 2.48120988e-05  9.64561992e+04  2.48120988e-05  1.04123282e+05 
 2.58120988e-05  9.64561992e+04  2.58120988e-05  1.04123282e+05 
 2.68120988e-05  9.64561992e+04  2.68120988e-05  1.04123282e+05 
 2.78120988e-05  9.64561992e+04  2.78120988e-05  1.04123282e+05 
 2.88120988e-05  9.64561992e+04  2.88120988e-05  1.04123282e+05 
 2.98120988e-05  9.64561992e+04  2.98120988e-05  1.04123282e+05 
 3.08120988e-05  9.64561992e+04  3.08120988e-05  1.04123282e+05 
 3.18120988e-05  9.64561992e+04  3.18120988e-05  1.04123282e+05 
 3.28120988e-05  9.64561992e+04  3.28120988e-05  1.04123282e+05 
 3.38120988e-05  9.64561992e+04  3.38120988e-05  1.04123282e+05 
 3.48120988e-05  9.64561992e+04  3.48120988e-05  1.04123282e+05 
 3.58120988e-05  9.64561992e+04  3.58120988e-05  1.04123282e+05 
 3.68120988e-05  9.64561992e+04  3.68120988e-05  1.04123282e+05 
 3.78120988e-05  9.64561992e+04  3.78120988e-05  1.04123282e+05 
 3.88120988e-05  9.64561992e+04  3.88120988e-05  1.04123282e+05 
 3.98120988e-05  9.64561992e+04  3.98120988e-05  1.04123282e+05 
 4.08120988e-05  9.64561992e+04  4.08120988e-05  1.04123282e+05 
 4.18120988e-05  9.64561992e+04  4.18120988e-05  1.04123282e+05 
 4.28120988e-05  9.64561992e+04  4.28120988e-05  1.04123282e+05 
 4.38120988e-05  9.64561992e+04  4.38120988e-05  1.04123282e+05 
 4.48120988e-05  9.64561992e+04  4.48120988e-05  1.04123282e+05 
 4.58120988e-05  9.64561992e+04  4.58120988e-05  1.04123282e+05 
 4.68120988e-05  9.64561992e+04  4.68120988e-05  1.04123282e+05 
 4.78120988e-05  9.64561992e+04  4.78120988e-05  1.04123282e+05 
 4.88120988e-05  9.64561992e+04  4.88120988e-05  1.04123282e+05 
 4.98120988e-05  9.64561992e+04  4.98120988e-05  1.04123282e+05 
 5.08120988e-05  9.64561992e+04  5.08120988e-05  1.04123282e+05 
 5.18120988e-05  9.64561992e+04  5.18120988e-05  1.04123282e+05 
 5.28120988e-05  9.64561992e+04  5.28120988e-05  1.04123282e+05 
 5.38120988e-05  9.64561992e+04  5.38120988e-05  1.04123282e+05 
 5.48120988e-05  9.64561992e+04  5.48120988e-05  1.04123282e+05 
 5.58120988e-05  9.64561992e+04  5.58120988e-05  1.04123282e+05 
 5.68120988e-05  9.64561992e+04  5.68120988e-05  1.04123282e+05 
 5.78120988e-05  9.64561992e+04  5.78120988e-05  1.04123282e+05 
 5.88120988e-05  9.64561992e+04  5.88120988e-05  1.04123282e+05 
 5.98120988e-05  9.64561992e+04  5.98120988e-05  1.04123282e+05 
 6.08120988e-05  9.64561992e+04  6.08120988e-05  1.04123282e+05 
 6.18120988e-05  9.64561992e+04  6.18120988e-05  1.04123282e+05 
 6.28120988e-05  9.64561992e+04  6.28120988e-05  1.04123282e+05 
 6.38120988e-05  9.64561992e+04  6.38120988e-05  1.04123282e+05 
 6.48120988e-05  9.64561992e+04  6.48120988e-05  1.04123282e+05 
 6.58120988e-05  9.64561992e+04  6.58120988e-05  1.04123282e+05 
 6.68120988e-05  9.64561992e+04  6.68120988e-05  1.04123282e+05 
 6.78120988e-05  9.64561992e+04  6.78120988e-05  1.04123282e+05 
 6.88120988e-05  9.64561992e+04  6.88120988e-05  1.04123282e+05 
 6.98120988e-05  9.64561992e+04  6.98120988e-05  1.04123282e+05 
 7.08120988e-05  9.64561992e+04  7.08120988e-05  1.04123282e+05 
 7.18120988e-05  9.64561992e+04  7.18120988e-05  1.04123282e+05 
 7.28120988e-05  9.64561992e+04  7.28120988e-05  1.04123282e+05 
 7.38120988e-05  9.64561992e+04  7.38120988e-05  1.04123282e+05 
 7.48120988e-05  9.64561992e+04  7.48120988e-05  1.04123282e+05 
 7.58120988e-05  9.64561992e+04  7.58120988e-05  1.04123282e+05 
 7.68120988e-05  9.64561992e+04  7.68120988e-05  1.04123282e+05 
 7.78120988e-05  9.64561992e+04  7.78120988e-05  1.04123282e+05 
 7.88120988e-05  9.64561992e+04  7.88120988e-05  1.04123282e+05 
 7.98120988e-05  9.64561992e+04  7.98120988e-05  1.04123282e+05 
 8.08120988e-05  9.64561992e+04  8.08120988e-05  1.04123282e+05 
 8.18120988e-05  9.64561992e+04  8.18120988e-05  1.04123282e+05 
 8.28120988e-05  9.64561992e+04  8.28120988e-05  1.04123282e+05 
 8.38120988e-05  9.64561992e+04  8.38120988e-05  1.04123282e+05 
 8.48120988e-05  9.64561992e+04  8.48120988e-05  1.04123282e+05 
 8.58120988e-05  9.64561992e+04  8.58120988e-05  1.04123282e+05 
 8.68120988e-05  9.64561992e+04  8.68120988e-05  1.04123282e+05 
 8.78120988e-05  9.64561992e+04  8.78120988e-05  1.04123282e+05 
 8.88120988e-05  9.64561992e+04  8.88120988e-05  1.04123282e+05 
 8.98120988e-05  9.64561992e+04  8.98120988e-05  1.04123282e+05 
 9.08120988e-05  9.64561992e+04  9.08120988e-05  1.04123282e+05 
 9.18120988e-05  9.64561992e+04  9.18120988e-05  1.04123282e+05 
 9.28120988e-05  9.64561992e+04  9.28120988e-05  1.04123282e+05 
 9.38120988e-05  9.64561992e+04  9.38120988e-05  1.04123282e+05 
 9.48120988e-05  9.64561992e+04  9.48120988e-05  1.04123282e+05 
 9.58120988e-05  9.64561992e+04  9.58120988e-05  1.04123282e+05 
 9.68120988e-05  9.64561992e+04  9.68120988e-05  1.04123282e+05 
 9.78120988e-05  9.64561992e+04  9.78120988e-05  1.04123282e+05 
 9.88120988e-05  9.64561992e+04  9.88120988e-05  1.04123282e+05 
 9.98120988e-05  9.64561992e+04  9.98120988e-05  1.04123282e+05 
 1.00812099e-04  9.64561992e+04  1.00812099e-04  1.04123282e+05 
 1.01812099e-04  9.64561992e+04  1.01812099e-04  1.04123282e+05 
 1.02812099e-04  9.64561992e+04  1.02812099e-04  1.04123282e+05 
 1.03812099e-04  9.64561992e+04  1.03812099e-04  1.04123282e+05 
 1.04812099e-04  9.64561992e+04  1.04812099e-04  1.04123282e+05 
 1.05812099e-04  9.64561992e+04  1.05812099e-04  1.04123282e+05 
 1.06812099e-04  9.64561992e+04  1.06812099e-04  1.04123282e+05 
 1.07812099e-04  9.64561992e+04  1.07812099e-04  1.04123282e+05 
 1.08812099e-04  9.64561992e+04  1.08812099e-04  1.04123282e+05 
 1.09812099e-04  9.64561992e+04  1.09812099e-04  1.04123282e+05 
 1.10812099e-04  9.64561992e+04  1.10812099e-04  1.04123282e+05 
 1.11812099e-04  9.64561992e+04  1.11812099e-04  1.04123282e+05 
 1.12812099e-04  9.64561992e+04  1.12812099e-04  1.04123282e+05 
 1.13812099e-04  9.64561992e+04  1.13812099e-04  1.04123282e+05 
 1.14812099e-04  9.64561992e+04  1.14812099e-04  1.04123282e+05 
 1.15812099e-04  9.64561992e+04  1.15812099e-04  1.04123282e+05 
 1.16812099e-04  9.64561992e+04  1.16812099e-04  1.04123282e+05 
 1.17812099e-04  9.64561992e+04  1.17812099e-04  1.04123282e+05 
 1.18812099e-04  9.64561992e+04  1.18812099e-04  1.04123282e+05 
 1.19812099e-04  9.64561992e+04  1.19812099e-04  1.04123282e+05 
 1.20812099e-04  9.64561992e+04  1.20812099e-04  1.04123282e+05 
 1.21812099e-04  9.64561992e+04  1.21812099e-04  1.04123282e+05 
 1.22812099e-04  9.64561992e+04  1.22812099e-04  1.04123282e+05 
 1.23812099e-04  9.64561992e+04  1.23812099e-04  1.04123282e+05 
 1.24812099e-04  9.64561992e+04  1.24812099e-04  1.04123282e+05 
 1.25812099e-04  9.64561992e+04  1.25812099e-04  1.04123282e+05 
 1.26812099e-04  9.64561992e+04  1.26812099e-04  1.04123282e+05 
 1.27812099e-04  9.64561992e+04  1.27812099e-04  1.04123282e+05 
 1.28812099e-04  9.64561992e+04  1.28812099e-04  1.04123282e+05 
 1.29812099e-04  9.64561992e+04  1.29812099e-04  1.04123282e+05 
 1.30812099e-04  9.64561992e+04  1.30812099e-04  1.04123282e+05 
 1.31812099e-04  9.64561992e+04  1.31812099e-04  1.04123282e+05 
 1.32812099e-04  9.64561992e+04  1.32812099e-04  1.04123282e+05 
 1.33812099e-04  9.64561992e+04  1.33812099e-04  1.04123282e+05 
 1.34812099e-04  9.64561992e+04  1.34812099e-04  1.04123282e+05 
 1.35812099e-04  9.64561992e+04  1.35812099e-04  1.04123282e+05 
 1.36812099e-04  9.64561992e+04  1.36812099e-04  1.04123282e+05 
 1.37812099e-04  9.64561992e+04  1.37812099e-04  1.04123282e+05 
 1.38812099e-04  9.64561992e+04  1.38812099e-04  1.04123282e+05 
 1.39812099e-04  9.64561992e+04  1.39812099e-04  1.04123282e+05 
 1.40812099e-04  9.64561992e+04  1.40812099e-04  1.04123282e+05 
 1.41812099e-04  9.64561992e+04  1.41812099e-04  1.04123282e+05 
 1.42812099e-04  9.64561992e+04  1.42812099e-04  1.04123282e+05 
 1.43812099e-04  9.64561992e+04  1.43812099e-04  1.04123282e+05 
 1.44812099e-04  9.64561992e+04  1.44812099e-04  1.04123282e+05 
 1.45812099e-04  9.64561992e+04  1.45812099e-04  1.04123282e+05 
 1.46812099e-04  9.64561992e+04  1.46812099e-04  1.04123282e+05 
 1.47812099e-04  9.64561992e+04  1.47812099e-04  1.04123282e+05 
 1.48812099e-04  9.64561992e+04  1.48812099e-04  1.04123282e+05 
 1.49812099e-04  9.64561992e+04  1.49812099e-04  1.04123282e+05 
 1.50812099e-04  9.64561992e+04  1.50812099e-04  1.04123282e+05 
 1.51812099e-04  9.64561992e+04  1.51812099e-04  1.04123282e+05 
 1.52812099e-04  9.64561992e+04  1.52812099e-04  1.04123282e+05 
 1.53812099e-04  9.64561992e+04  1.53812099e-04  1.04123282e+05 
 1.54812099e-04  9.64561992e+04  1.54812099e-04  1.04123282e+05 
 1.55812099e-04  9.64561992e+04  1.55812099e-04  1.04123282e+05 
 1.56812099e-04  9.64561992e+04  1.56812099e-04  1.04123282e+05 
 1.57812099e-04  9.64561992e+04  1.57812099e-04  1.04123282e+05 
 1.58812099e-04  9.64561992e+04  1.58812099e-04  1.04123282e+05 
 1.59812099e-04  9.64561992e+04  1.59812099e-04  1.04123282e+05 
 1.60812099e-04  9.64561992e+04  1.60812099e-04  1.04123282e+05 
 1.61812099e-04  9.64561992e+04  1.61812099e-04  1.04123282e+05 
 1.62812099e-04  9.64561992e+04  1.62812099e-04  1.04123282e+05 
 1.63812099e-04  9.64561992e+04  1.63812099e-04  1.04123282e+05 
 1.64812099e-04  9.64561992e+04  1.64812099e-04  1.04123282e+05 
 1.65812099e-04  9.64561992e+04  1.65812099e-04  1.04123282e+05 
 1.66812099e-04  9.64561992e+04  1.66812099e-04  1.04123282e+05 
 1.67812099e-04  9.64561992e+04  1.67812099e-04  1.04123282e+05 
 1.68812099e-04  9.64561992e+04  1.68812099e-04  1.04123282e+05 
 1.69812099e-04  9.64561992e+04  1.69812099e-04  1.04123282e+05 
 1.70812099e-04  9.64561992e+04  1.70812099e-04  1.04123282e+05 
 1.71812099e-04  9.64561992e+04  1.71812099e-04  1.04123282e+05 
 1.72812099e-04  9.64561992e+04  1.72812099e-04  1.04123282e+05 
 1.73812099e-04  9.64561992e+04  1.73812099e-04  1.04123282e+05 
 1.74812099e-04  9.64561992e+04  1.74812099e-04  1.04123282e+05 
 1.75812099e-04  9.64561992e+04  1.75812099e-04  1.04123282e+05 
 1.76812099e-04  9.64561992e+04  1.76812099e-04  1.04123282e+05 
 1.77812099e-04  9.64561992e+04  1.77812099e-04  1.04123282e+05 
 1.78812099e-04  9.64561992e+04  1.78812099e-04  1.04123282e+05 
 1.79812099e-04  9.64561992e+04  1.79812099e-04  1.04123282e+05 
 1.80812099e-04  9.64561992e+04  1.80812099e-04  1.04123282e+05 
 1.81812099e-04  9.64561992e+04  1.81812099e-04  1.04123282e+05 
 1.82812099e-04  9.64561992e+04  1.82812099e-04  1.04123282e+05 
 1.83812099e-04  9.64561992e+04  1.83812099e-04  1.04123282e+05 
 1.84812099e-04  9.64561992e+04  1.84812099e-04  1.04123282e+05 
 1.85812099e-04  9.64561992e+04  1.85812099e-04  1.04123282e+05 
 1.86812099e-04  9.64561992e+04  1.86812099e-04  1.04123282e+05 
 1.87812099e-04  9.64561992e+04  1.87812099e-04  1.04123282e+05 
 1.88812099e-04  9.64561992e+04  1.88812099e-04  1.04123282e+05 
 1.89812099e-04  9.64561992e+04  1.89812099e-04  1.04123282e+05 
 1.90812099e-04  9.64561992e+04  1.90812099e-04  1.04123282e+05 
 1.91812099e-04  9.64561992e+04  1.91812099e-04  1.04123282e+05 
 1.92812099e-04  9.64561992e+04  1.92812099e-04  1.04123282e+05 
 1.93812099e-04  9.64561992e+04  1.93812099e-04  1.04123282e+05 
 1.94812099e-04  9.64561992e+04  1.94812099e-04  1.04123282e+05 
 1.95812099e-04  9.64561992e+04  1.95812099e-04  1.04123282e+05 
 1.96812099e-04  9.64561992e+04  1.96812099e-04  1.04123282e+05 
 1.97812099e-04  9.64561992e+04  1.97812099e-04  1.04123282e+05 
 1.98812099e-04  9.64561992e+04  1.98812099e-04  1.04123282e+05 
 1.99812099e-04  9.64561992e+04  1.99812099e-04  1.04123282e+05 
 2.00812099e-04  9.64561992e+04  2.00812099e-04  1.04123282e+05 
 2.01000001e-04  9.64561992e+04  2.01000001e-04  1.04123282e+05 
 2.01000001e-04  9.64561992e+04  2.01000001e-04  1.04123282e+05 
 2.01000001e-04  9.64561992e+04  2.01000001e-04  1.04123282e+05 
 2.01000002e-04  9.64561992e+04  2.01000002e-04  1.04123282e+05 
 2.01000002e-04  9.64561992e+04  2.01000002e-04  1.04123282e+05 
 2.01000002e-04  9.64561992e+04  2.01000002e-04  1.04123282e+05 
 2.01000002e-04  9.64561992e+04  2.01000002e-04  1.04123282e+05 
 2.01000003e-04  9.64561992e+04  2.01000003e-04  1.04123282e+05 
 2.01000003e-04  9.64561992e+04  2.01000003e-04  1.04123282e+05 
 2.01000004e-04  9.64561992e+04  2.01000004e-04  1.04123282e+05 
 2.01000007e-04  9.64561992e+04  2.01000007e-04  1.04123282e+05 
 2.01000012e-04  9.64561992e+04  2.01000012e-04  1.04123282e+05 
 2.01000022e-04  9.64561992e+04  2.01000022e-04  1.04123282e+05 
 2.01000043e-04  9.64561992e+04  2.01000043e-04  1.04123282e+05 
 2.01000084e-04  9.64561992e+04  2.01000084e-04  1.04123282e+05 
 2.01000166e-04  9.64561992e+04  2.01000166e-04  1.04123282e+05 
 2.01000330e-04  9.64561992e+04  2.01000330e-04  1.04123282e+05 
 2.01000657e-04  9.64561992e+04  2.01000657e-04  1.04123282e+05 
 2.01001313e-04  9.64561992e+04  2.01001313e-04  1.04123282e+05 
 2.01002623e-04  9.64561992e+04  2.01002623e-04  1.04123282e+05 
 2.01005183e-04  9.64561992e+04  2.01005183e-04  1.04123282e+05 
 2.01008053e-04  9.64561992e+04  2.01008053e-04  1.04123282e+05 
 2.01013792e-04  9.64561992e+04  2.01013792e-04  1.04123282e+05 
 2.01025270e-04  9.64561992e+04  2.01025270e-04  1.04123282e+05 
 2.01048226e-04  9.64561992e+04  2.01048226e-04  1.04123282e+05 
 2.01094139e-04  9.64561992e+04  2.01094139e-04  1.04123282e+05 
 2.01185965e-04  9.64561992e+04  2.01185965e-04  1.04123282e+05 
 2.01361225e-04  9.64561992e+04  2.01361225e-04  1.04123282e+05 
 2.01711746e-04  9.64561992e+04  2.01711746e-04  1.04123282e+05 
 2.02412786e-04  9.64561992e+04  2.02412786e-04  1.04123282e+05 
 2.03412786e-04  9.64561992e+04  2.03412786e-04  1.04123282e+05 
 2.03537786e-04  9.64561992e+04  2.03537786e-04  1.04123282e+05 
 2.03787786e-04  9.64561992e+04  2.03787786e-04  1.04123282e+05 
 2.04287786e-04  9.64561992e+04  2.04287786e-04  1.04123282e+05 
 2.05287786e-04  9.64561992e+04  2.05287786e-04  1.04123282e+05 
 2.06287786e-04  9.64561992e+04  2.06287786e-04  1.04123282e+05 
 2.07287786e-04  9.64561992e+04  2.07287786e-04  1.04123282e+05 
 2.08287786e-04  9.64561992e+04  2.08287786e-04  1.04123282e+05 
 2.09287786e-04  9.64561992e+04  2.09287786e-04  1.04123282e+05 
 2.10287786e-04  9.64561992e+04  2.10287786e-04  1.04123282e+05 
 2.11287786e-04  9.64561992e+04  2.11287786e-04  1.04123282e+05 
 2.12287786e-04  9.64561992e+04  2.12287786e-04  1.04123282e+05 
 2.13287786e-04  9.64561992e+04  2.13287786e-04  1.04123282e+05 
 2.14287786e-04  9.64561992e+04  2.14287786e-04  1.04123282e+05 
 2.15287786e-04  9.64561992e+04  2.15287786e-04  1.04123282e+05 
 2.16287786e-04  9.64561992e+04  2.16287786e-04  1.04123282e+05 
 2.17287786e-04  9.64561992e+04  2.17287786e-04  1.04123282e+05 
 2.18287786e-04  9.64561992e+04  2.18287786e-04  1.04123282e+05 
 2.19287786e-04  9.64561992e+04  2.19287786e-04  1.04123282e+05 
 2.20287786e-04  9.64561992e+04  2.20287786e-04  1.04123282e+05 
 2.21287786e-04  9.64561992e+04  2.21287786e-04  1.04123282e+05 
 2.22287786e-04  9.64561992e+04  2.22287786e-04  1.04123282e+05 
 2.23287786e-04  9.64561992e+04  2.23287786e-04  1.04123282e+05 
 2.24287786e-04  9.64561992e+04  2.24287786e-04  1.04123282e+05 
 2.25287786e-04  9.64561992e+04  2.25287786e-04  1.04123282e+05 
 2.26287786e-04  9.64561992e+04  2.26287786e-04  1.04123282e+05 
 2.27287786e-04  9.64561992e+04  2.27287786e-04  1.04123282e+05 
 2.28287786e-04  9.64561992e+04  2.28287786e-04  1.04123282e+05 
 2.29287786e-04  9.64561992e+04  2.29287786e-04  1.04123282e+05 
 2.30287786e-04  9.64561992e+04  2.30287786e-04  1.04123282e+05 
 2.31287786e-04  9.64561992e+04  2.31287786e-04  1.04123282e+05 
 2.32287786e-04  9.64561992e+04  2.32287786e-04  1.04123282e+05 
 2.33287786e-04  9.64561992e+04  2.33287786e-04  1.04123282e+05 
 2.34287786e-04  9.64561992e+04  2.34287786e-04  1.04123282e+05 
 2.35287786e-04  9.64561992e+04  2.35287786e-04  1.04123282e+05 
 2.36287786e-04  9.64561992e+04  2.36287786e-04  1.04123282e+05 
 2.37287786e-04  9.64561992e+04  2.37287786e-04  1.04123282e+05 
 2.38287786e-04  9.64561992e+04  2.38287786e-04  1.04123282e+05 
 2.39287786e-04  9.64561992e+04  2.39287786e-04  1.04123282e+05 
 2.40287786e-04  9.64561992e+04  2.40287786e-04  1.04123282e+05 
 2.41287786e-04  9.64561992e+04  2.41287786e-04  1.04123282e+05 
 2.42287786e-04  9.64561992e+04  2.42287786e-04  1.04123282e+05 
 2.43287786e-04  9.64561992e+04  2.43287786e-04  1.04123282e+05 
 2.44287786e-04  9.64561992e+04  2.44287786e-04  1.04123282e+05 
 2.45287786e-04  9.64561992e+04  2.45287786e-04  1.04123282e+05 
 2.46287786e-04  9.64561992e+04  2.46287786e-04  1.04123282e+05 
 2.47287786e-04  9.64561992e+04  2.47287786e-04  1.04123282e+05 
 2.48287786e-04  9.64561992e+04  2.48287786e-04  1.04123282e+05 
 2.49287786e-04  9.64561992e+04  2.49287786e-04  1.04123282e+05 
 2.50287786e-04  9.64561992e+04  2.50287786e-04  1.04123282e+05 
 2.51287786e-04  9.64561992e+04  2.51287786e-04  1.04123282e+05 
 2.52287786e-04  9.64561992e+04  2.52287786e-04  1.04123282e+05 
 2.53287786e-04  9.64561992e+04  2.53287786e-04  1.04123282e+05 
 2.54287786e-04  9.64561992e+04  2.54287786e-04  1.04123282e+05 
 2.55287786e-04  9.64561992e+04  2.55287786e-04  1.04123282e+05 
 2.56287786e-04  9.64561992e+04  2.56287786e-04  1.04123282e+05 
 2.57287786e-04  9.64561992e+04  2.57287786e-04  1.04123282e+05 
 2.58287786e-04  9.64561992e+04  2.58287786e-04  1.04123282e+05 
 2.59287786e-04  9.64561992e+04  2.59287786e-04  1.04123282e+05 
 2.60287786e-04  9.64561992e+04  2.60287786e-04  1.04123282e+05 
 2.61287786e-04  9.64561992e+04  2.61287786e-04  1.04123282e+05 
 2.62287786e-04  9.64561992e+04  2.62287786e-04  1.04123282e+05 
 2.63287786e-04  9.64561992e+04  2.63287786e-04  1.04123282e+05 
 2.64287786e-04  9.64561992e+04  2.64287786e-04  1.04123282e+05 
 2.65287786e-04  9.64561992e+04  2.65287786e-04  1.04123282e+05 
 2.66287786e-04  9.64561992e+04  2.66287786e-04  1.04123282e+05 
 2.67287786e-04  9.64561992e+04  2.67287786e-04  1.04123282e+05 
 2.68287786e-04  9.64561992e+04  2.68287786e-04  1.04123282e+05 
 2.69287786e-04  9.64561992e+04  2.69287786e-04  1.04123282e+05 
 2.70287786e-04  9.64561992e+04  2.70287786e-04  1.04123282e+05 
 2.71287786e-04  9.64561992e+04  2.71287786e-04  1.04123282e+05 
 2.72287786e-04  9.64561992e+04  2.72287786e-04  1.04123282e+05 
 2.73287786e-04  9.64561992e+04  2.73287786e-04  1.04123282e+05 
 2.74287786e-04  9.64561992e+04  2.74287786e-04  1.04123282e+05 
 2.75287786e-04  9.64561992e+04  2.75287786e-04  1.04123282e+05 
 2.76287786e-04  9.64561992e+04  2.76287786e-04  1.04123282e+05 
 2.77287786e-04  9.64561992e+04  2.77287786e-04  1.04123282e+05 
 2.78287786e-04  9.64561992e+04  2.78287786e-04  1.04123282e+05 
 2.79287786e-04  9.64561992e+04  2.79287786e-04  1.04123282e+05 
 2.80287786e-04  9.64561992e+04  2.80287786e-04  1.04123282e+05 
 2.81287786e-04  9.64561992e+04  2.81287786e-04  1.04123282e+05 
 2.82287786e-04  9.64561992e+04  2.82287786e-04  1.04123282e+05 
 2.83287786e-04  9.64561992e+04  2.83287786e-04  1.04123282e+05 
 2.84287786e-04  9.64561992e+04  2.84287786e-04  1.04123282e+05 
 2.85287786e-04  9.64561992e+04  2.85287786e-04  1.04123282e+05 
 2.86287786e-04  9.64561992e+04  2.86287786e-04  1.04123282e+05 
 2.87287786e-04  9.64561992e+04  2.87287786e-04  1.04123282e+05 
 2.88287786e-04  9.64561992e+04  2.88287786e-04  1.04123282e+05 
 2.89287786e-04  9.64561992e+04  2.89287786e-04  1.04123282e+05 
 2.90287786e-04  9.64561992e+04  2.90287786e-04  1.04123282e+05 
 2.91287786e-04  9.64561992e+04  2.91287786e-04  1.04123282e+05 
 2.92287786e-04  9.64561992e+04  2.92287786e-04  1.04123282e+05 
 2.93287786e-04  9.64561992e+04  2.93287786e-04  1.04123282e+05 
 2.94287786e-04  9.64561992e+04  2.94287786e-04  1.04123282e+05 
 2.95287786e-04  9.64561992e+04  2.95287786e-04  1.04123282e+05 
 2.96287786e-04  9.64561992e+04  2.96287786e-04  1.04123282e+05 
 2.97287786e-04  9.64561992e+04  2.97287786e-04  1.04123282e+05 
 2.98287786e-04  9.64561992e+04  2.98287786e-04  1.04123282e+05 
 2.99287786e-04  9.64561992e+04  2.99287786e-04  1.04123282e+05 
 3.00287786e-04  9.64561992e+04  3.00287786e-04  1.04123282e+05 
 3.01287786e-04  9.64561992e+04  3.01287786e-04  1.04123282e+05 
 3.02287786e-04  9.64561992e+04  3.02287786e-04  1.04123282e+05 
 3.03287786e-04  9.64561992e+04  3.03287786e-04  1.04123282e+05 
 3.04287786e-04  9.64561992e+04  3.04287786e-04  1.04123282e+05 
 3.05287786e-04  9.64561992e+04  3.05287786e-04  1.04123282e+05 
 3.06287786e-04  9.64561992e+04  3.06287786e-04  1.04123282e+05 
 3.07287786e-04  9.64561992e+04  3.07287786e-04  1.04123282e+05 
 3.08287786e-04  9.64561992e+04  3.08287786e-04  1.04123282e+05 
 3.09287786e-04  9.64561992e+04  3.09287786e-04  1.04123282e+05 
 3.10287786e-04  9.64561992e+04  3.10287786e-04  1.04123282e+05 
 3.11287786e-04  9.64561992e+04  3.11287786e-04  1.04123282e+05 
 3.12287786e-04  9.64561992e+04  3.12287786e-04  1.04123282e+05 
 3.13287786e-04  9.64561992e+04  3.13287786e-04  1.04123282e+05 
 3.14287786e-04  9.64561992e+04  3.14287786e-04  1.04123282e+05 
 3.15287786e-04  9.64561992e+04  3.15287786e-04  1.04123282e+05 
 3.16287786e-04  9.64561992e+04  3.16287786e-04  1.04123282e+05 
 3.17287786e-04  9.64561992e+04  3.17287786e-04  1.04123282e+05 
 3.18287786e-04  9.64561992e+04  3.18287786e-04  1.04123282e+05 
 3.19287786e-04  9.64561992e+04  3.19287786e-04  1.04123282e+05 
 3.20287786e-04  9.64561992e+04  3.20287786e-04  1.04123282e+05 
 3.21287786e-04  9.64561992e+04  3.21287786e-04  1.04123282e+05 
 3.22287786e-04  9.64561992e+04  3.22287786e-04  1.04123282e+05 
 3.23287786e-04  9.64561992e+04  3.23287786e-04  1.04123282e+05 
 3.24287786e-04  9.64561992e+04  3.24287786e-04  1.04123282e+05 
 3.25287786e-04  9.64561992e+04  3.25287786e-04  1.04123282e+05 
 3.26287786e-04  9.64561992e+04  3.26287786e-04  1.04123282e+05 
 3.27287786e-04  9.64561992e+04  3.27287786e-04  1.04123282e+05 
 3.28287786e-04  9.64561992e+04  3.28287786e-04  1.04123282e+05 
 3.29287786e-04  9.64561992e+04  3.29287786e-04  1.04123282e+05 
 3.30287786e-04  9.64561992e+04  3.30287786e-04  1.04123282e+05 
 3.31287786e-04  9.64561992e+04  3.31287786e-04  1.04123282e+05 
 3.32287786e-04  9.64561992e+04  3.32287786e-04  1.04123282e+05 
 3.33287786e-04  9.64561992e+04  3.33287786e-04  1.04123282e+05 
 3.34287786e-04  9.64561992e+04  3.34287786e-04  1.04123282e+05 
 3.35287786e-04  9.64561992e+04  3.35287786e-04  1.04123282e+05 
 3.36287786e-04  9.64561992e+04  3.36287786e-04  1.04123282e+05 
 3.37287786e-04  9.64561992e+04  3.37287786e-04  1.04123282e+05 
 3.38287786e-04  9.64561992e+04  3.38287786e-04  1.04123282e+05 
 3.39287786e-04  9.64561992e+04  3.39287786e-04  1.04123282e+05 
 3.40287786e-04  9.64561992e+04  3.40287786e-04  1.04123282e+05 
 3.41287786e-04  9.64561992e+04  3.41287786e-04  1.04123282e+05 
 3.42287786e-04  9.64561992e+04  3.42287786e-04  1.04123282e+05 
 3.43287786e-04  9.64561992e+04  3.43287786e-04  1.04123282e+05 
 3.44287786e-04  9.64561992e+04  3.44287786e-04  1.04123282e+05 
 3.45287786e-04  9.64561992e+04  3.45287786e-04  1.04123282e+05 
 3.46287786e-04  9.64561992e+04  3.46287786e-04  1.04123282e+05 
 3.47287786e-04  9.64561992e+04  3.47287786e-04  1.04123282e+05 
 3.48287786e-04  9.64561992e+04  3.48287786e-04  1.04123282e+05 
 3.49287786e-04  9.64561992e+04  3.49287786e-04  1.04123282e+05 
 3.50287786e-04  9.64561992e+04  3.50287786e-04  1.04123282e+05 
 3.51287786e-04  9.64561992e+04  3.51287786e-04  1.04123282e+05 
 3.52287786e-04  9.64561992e+04  3.52287786e-04  1.04123282e+05 
 3.53287786e-04  9.64561992e+04  3.53287786e-04  1.04123282e+05 
 3.54287786e-04  9.64561992e+04  3.54287786e-04  1.04123282e+05 
 3.55287786e-04  9.64561992e+04  3.55287786e-04  1.04123282e+05 
 3.56287786e-04  9.64561992e+04  3.56287786e-04  1.04123282e+05 
 3.57287786e-04  9.64561992e+04  3.57287786e-04  1.04123282e+05 
 3.58287786e-04  9.64561992e+04  3.58287786e-04  1.04123282e+05 
 3.59287786e-04  9.64561992e+04  3.59287786e-04  1.04123282e+05 
 3.60287786e-04  9.64561992e+04  3.60287786e-04  1.04123282e+05 
 3.61287786e-04  9.64561992e+04  3.61287786e-04  1.04123282e+05 
 3.62287786e-04  9.64561992e+04  3.62287786e-04  1.04123282e+05 
 3.63287786e-04  9.64561992e+04  3.63287786e-04  1.04123282e+05 
 3.64287786e-04  9.64561992e+04  3.64287786e-04  1.04123282e+05 
 3.65287786e-04  9.64561992e+04  3.65287786e-04  1.04123282e+05 
 3.66287786e-04  9.64561992e+04  3.66287786e-04  1.04123282e+05 
 3.67287786e-04  9.64561992e+04  3.67287786e-04  1.04123282e+05 
 3.68287786e-04  9.64561992e+04  3.68287786e-04  1.04123282e+05 
 3.69287786e-04  9.64561992e+04  3.69287786e-04  1.04123282e+05 
 3.70287786e-04  9.64561992e+04  3.70287786e-04  1.04123282e+05 
 3.71287786e-04  9.64561992e+04  3.71287786e-04  1.04123282e+05 
 3.72287786e-04  9.64561992e+04  3.72287786e-04  1.04123282e+05 
 3.73287786e-04  9.64561992e+04  3.73287786e-04  1.04123282e+05 
 3.74287786e-04  9.64561992e+04  3.74287786e-04  1.04123282e+05 
 3.75287786e-04  9.64561992e+04  3.75287786e-04  1.04123282e+05 
 3.76287786e-04  9.64561992e+04  3.76287786e-04  1.04123282e+05 
 3.77287786e-04  9.64561992e+04  3.77287786e-04  1.04123282e+05 
 3.78287786e-04  9.64561992e+04  3.78287786e-04  1.04123282e+05 
 3.79287786e-04  9.64561992e+04  3.79287786e-04  1.04123282e+05 
 3.80287786e-04  9.64561992e+04  3.80287786e-04  1.04123282e+05 
 3.81287786e-04  9.64561992e+04  3.81287786e-04  1.04123282e+05 
 3.82287786e-04  9.64561992e+04  3.82287786e-04  1.04123282e+05 
 3.83287786e-04  9.64561992e+04  3.83287786e-04  1.04123282e+05 
 3.84287786e-04  9.64561992e+04  3.84287786e-04  1.04123282e+05 
 3.85287786e-04  9.64561992e+04  3.85287786e-04  1.04123282e+05 
 3.86287786e-04  9.64561992e+04  3.86287786e-04  1.04123282e+05 
 3.87287786e-04  9.64561992e+04  3.87287786e-04  1.04123282e+05 
 3.88287786e-04  9.64561992e+04  3.88287786e-04  1.04123282e+05 
 3.89287786e-04  9.64561992e+04  3.89287786e-04  1.04123282e+05 
 3.90287786e-04  9.64561992e+04  3.90287786e-04  1.04123282e+05 
 3.91287786e-04  9.64561992e+04  3.91287786e-04  1.04123282e+05 
 3.92287786e-04  9.64561992e+04  3.92287786e-04  1.04123282e+05 
 3.93287786e-04  9.64561992e+04  3.93287786e-04  1.04123282e+05 
 3.94287786e-04  9.64561992e+04  3.94287786e-04  1.04123282e+05 
 3.95287786e-04  9.64561992e+04  3.95287786e-04  1.04123282e+05 
 3.96287786e-04  9.64561992e+04  3.96287786e-04  1.04123282e+05 
 3.97287786e-04  9.64561992e+04  3.97287786e-04  1.04123282e+05 
 3.98287786e-04  9.64561992e+04  3.98287786e-04  1.04123282e+05 
 3.99287786e-04  9.64561992e+04  3.99287786e-04  1.04123282e+05 
 4.00287786e-04  9.64561992e+04  4.00287786e-04  1.04123282e+05 
 4.01000000e-04  9.64561992e+04  4.01000000e-04  1.04123282e+05 
